1
1
23
22
1
19
0
0
0
0
0
0
0
21
1
19
0
0
21
1
25
1
24
20
20
17
0
4
2
2
2
5
0
21
1
19
0
15
22
1
22
24
17
0
0
0
0
3
0
0
0
3
0
21
1
23
18
22
1
24
1
19
0
0
0
0
0
3
0
0
0
3
0
21
1
1
1
1
1
23
1
19
0
4
2
2
2
2
2
2
2
6
15
22
24
20
20
20
25
1
24
17
0
3
0
0
0
3
0
0
15
18
22
24
17
0
0
0
14
20
19
0
0
3
0
0
0
3
0
15
22
24
20
17
0
0
0
0
0
0
17
0
0
7
2
2
2
2
8
8
8
8
8
2
2
2
2
5
0
0
0
0
0
0
0
0
0
3
0
21
1
19
0
0
0
0
0
3
0
0
0
0
0
0
0
0
4
6
0
21
1
19
0
0
0
0
0
3
0
0
0
0
0
0
0
0
3
0
0
21
1
19
0
0
4
2
2
6
0
0
0
0
4
2
2
2
6
0
0
21
1
19
0
0
3
0
0
0
0
0
0
0
3
0
0
0
0
0
15
22
1
19
0
0
3
0
0
0
0
0
0
4
6
0
0
0
0
15
22
1
1
19
0
0
7
2
5
0
0
0
0
3
0
0
0
15
18
22
1
1
1
19
0
0
0
0
7
5
0
0
0
3
0
0
15
22
1
1
1
1
1
23
16
0
0
0
0
3
0
0
0
3
0
0
21
24
25
1
1
1
1
1
23
16
0
0
0
3
0
0
0
3
0
15
22
23
22
24
20
20
20
25
1
23
16
0
0
3
0
0
0
3
0
21
1
24
20
17
0
0
0
14
25
1
23
16
0
3
0
0
2
6
0
21
1
19
0
0
0
0
0
0
21
24
25
19
0
7
2
2
0
19
19
19
